9,7,9,6,11,10,6,13,8,7,
16,12,10,12,12,4,12,14,13,15,
10,8,13,11,17,19,10,11,11,18,
9,8,12,10,16,14,7,5,6,13,
11,7,8,8,4,10,18,12,10,10,
12,13,10,6,6,12,12,15,9,15,
20,17,14,14,8,14,9,13,9,6,
17,7,13,11,14,8,17,12,5,16,
15,15,5,9,12,13,13,11,15,10,
12,13,18,14,18,15,12,8,14,24,
14,11,13,12,14,20,15,8,18,15,
9,12,6,10,7,15,14,14,11,8,
11,12,18,6,7,6,10,12,14,24,
6,9,7,9,5,11,15,11,13,16,
4,15,7,10,8,8,16,8,10,10,
16,8,10,9,13,14,12,10,20,18,
13,9,15,10,10,11,7,9,19,13,
12,7,12,13,14,18,16,14,22,12,
12,11,6,12,7,7,14,12,16,11,
11,6,13,9,6,14,11,7,15,10,
